Pb 10GeV/c {'γ': 120, 'e': 46, 'π0': 62, 'π+-': 87, 'p': 125, 'n': 714, "η'": 1, 'η': 5, 'D': 1, 'K0': 1, 'K+-': 0, 'Σ': 1, 'Λ': 0}
938.272;1;-1.45953;0.252046;8694.9
0;0;-111.155;-95.709;1.16854
0;0;87.7249;-28.29;1.75092
0;0;184.215;82.2857;3.80189
0;0;-318.72;65.5395;0.689051
0;0;418.733;-134.276;2.41695
0;0;112.535;-176.106;2.03831
0;0;360.954;35.402;2.40589
0;0;18.8739;-59.3314;4.93263
938.272;1;1.51508;4.5879;8975.19
938.272;1;-0.459823;0.844852;8965.15
0;0;-163.276;-309.554;0.549601
0;0;152.826;-117.189;0.608577
938.272;1;-2.48402;1.04235;8974.42
938.272;1;-0.953057;0.111125;8943.27
0;0;-85.2791;207.482;5.30478
939.565;0;-107.066;-8.03795;2.68196
939.565;0;121.663;70.7688;3.02169
939.565;0;-263.628;-379.306;10.1325
939.565;0;54.6704;123.413;0.979232
938.272;1;58.1834;127.733;981.817
134.977;0;79.0784;255.87;503.872
939.565;0;381.449;-242.897;613.611
938.272;1;-28.7294;-12.2966;475.436
139.57;1;83.349;-149.653;507.378
139.57;-1;-85.1168;82.3781;1492.99
0.510999;-1;-88.5741;85.7171;0.00103639
134.977;0;-189.513;-110.929;1044.82
139.57;1;33.6883;-175.397;119.881
139.57;-1;146.739;26.987;316.153
938.272;1;0.980949;4.7814;8968.67
939.565;0;-67.2333;-134.496;4.6764
939.565;0;107.907;-488.019;2.60947
939.565;0;-291.328;-136.709;1.04487
939.565;0;-184.871;-25.149;0.99584
939.565;0;27.2652;-212.311;18.6241
939.565;0;234.524;-55.6953;429.058
939.565;0;-61.1639;-36.8427;93.8678
939.565;0;496.926;168.346;1.39687
939.565;0;197.675;-321.962;3.7775
939.565;0;-11.9413;390.181;6.54374
939.565;0;179.391;-149.654;11.1554
939.565;0;91.8859;191.154;235.334
134.977;0;40.4403;6.36251;473.663
939.565;0;-334.355;-416.674;0.673035
939.565;0;136.978;-77.5837;1.50962
939.565;0;-427.359;-50.938;2.22556
939.565;0;163.772;-89.5591;0.208424
0;0;268.705;292.701;0.392461
0;0;259.683;-53.0133;2.35963
0;0;205.391;-4.25977;2.66528
939.565;0;-190.286;58.0654;23.4556
939.565;0;127.599;293.731;33.4265
0;0;-358.873;189.427;2.05302
939.565;0;-111.064;30.8545;5095.04
938.272;1;-1.94388;-3.08082;8978.72
938.272;1;2.84397;-3.17114;8975.99
939.565;0;218.96;-351.225;2.00563
939.565;0;-262.564;143.088;3.65732
939.565;0;-379.726;-334.409;3.19427
939.565;0;-233.483;-56.3076;7.35358
939.565;0;-237.322;126.19;6.178
0;0;-355.304;47.9895;0.739779
939.565;0;-278.989;286.413;2.13055
939.565;0;267.127;228.183;1.69057
939.565;0;-162.576;138.799;0.689238
939.565;0;-316.352;-447.459;167.065
939.565;0;-74.5542;133.554;96.3984
139.57;-1;32.7913;-321.499;483.155
939.565;0;69.5043;-262.537;197.294
134.977;0;3.87297;77.8984;2141.28
939.565;0;24.8569;378.182;334.881
939.565;0;-127.522;171.769;2.82808
938.272;1;-238.852;223.536;194.672
139.57;-1;-76.0766;341.1;393.085
938.272;1;-2.4426;2.0543;8963.15
938.272;1;5.13688;1.50558;8972.61
0.510999;-1;5.23852;1.53321;0.00293356
939.565;0;-122.029;-395.615;4.09585
939.565;0;-338.112;436.383;8.77086
939.565;0;296.707;84.589;12.0537
939.565;0;-50.9441;172.572;7.5769
939.565;0;65.1285;-72.5392;7.82274
939.565;0;373.187;-111.087;3.42842
939.565;0;-150.683;112.365;130.774
939.565;0;-57.0981;150.866;1.87242
939.565;0;-445.039;113.091;2.20757
134.977;0;-24.2232;27.0719;830.881
939.565;0;371.231;-251.561;0.811874
939.565;0;-487.329;-405.245;1.81277
0;0;-162.827;317.241;2.38968
939.565;0;-190.275;15.332;0.250351
939.565;0;108.295;-458.206;220.877
939.565;0;-8.4725;201.05;699.288
939.565;0;102.137;-59.5996;2847.71
938.272;1;3.45357;-0.313487;8985.52
0.510999;-1;3.46301;-0.314404;0.00135592
938.272;1;0.0434572;-1.34116;8905.96
0;0;230.24;-173.136;1.33135
938.272;1;1.06706;1.48406;8976.66
939.565;0;236.036;-130.453;2.72526
939.565;0;25.9997;-224.95;3.11518
939.565;0;-62.5139;-329.776;20.968
939.565;0;39.8332;235.595;0.166932
939.565;0;299.728;121.584;0.805788
939.565;0;213.678;43.0069;0.201722
939.565;0;-358.282;-48.6602;2.22131
939.565;0;94.7502;172.444;1.14801
939.565;0;-59.2494;-143.41;59.9658
938.272;1;281.599;132.139;623.617
0.510999;-1;288.239;135.206;0.00200407
939.565;0;-127.277;383.718;2.92579
134.977;0;167.649;143.226;233.815
134.977;0;1.8523;-29.8113;1548.24
938.272;1;-93.9863;-455.26;81.4974
134.977;0;-367.528;221.88;192.982
0;0;212.846;69.1896;1.80451
939.565;0;-222.015;-248.923;2.37159
939.565;0;-421.718;156.477;3.20418
939.565;0;376.113;-233.887;3.69609
939.565;0;-203.152;-265.365;1.65449
939.565;0;343.541;-160.486;6.68125
939.565;0;460.418;278.542;7.35375
939.565;0;-33.2972;72.0779;7.40822
939.565;0;-234.431;187.305;11.7999
938.272;1;331.348;305.591;137.099
938.272;1;-89.162;51.8986;177.491
939.565;0;211.464;-349.826;251.47
939.565;0;-174.277;87.3968;4.45966
939.565;0;-133.605;35.1501;0.524228
939.565;0;96.0493;311.651;0.852727
939.565;0;-246.613;-185.847;18.7176
939.565;0;126.986;-339.953;0.47209
939.565;0;134.621;-447.075;2.28084
939.565;0;-73.9127;-168.857;15.2188
939.565;0;6.24451;182.842;0.894369
939.565;0;-438.213;18.8642;0.833599
939.565;0;-336.996;345.037;28.1227
939.565;0;-183.146;334.598;80.7136
939.565;0;-328.862;-126.184;87.8859
0;0;-205.344;-245.119;3.43866
939.565;0;-41.1961;-202.692;4.43314
939.565;0;-184.236;280.272;39.7043
134.977;0;97.4087;-362.099;190.841
139.57;-1;217.051;-428.985;252.539
938.272;1;-91.6371;82.2407;854.979
939.565;0;-267.669;-394.874;33.187
939.565;0;409.509;-101.705;81.7071
139.57;1;-359.74;-33.9514;440.454
139.57;-1;1.49352;-53.9746;222.586
139.57;-1;105.705;11.6465;680.867
938.272;1;88.2515;-4.87047;267.594
0.510999;-1;88.9418;-4.89269;0.00114988
938.272;1;-2.8476;-0.934931;8968.25
939.565;0;219.256;-49.2761;3.16359
939.565;0;40.7043;23.5719;3.05057
939.565;0;-10.9061;3.27855;4.9425
939.565;0;-125.351;89.6291;12.3051
939.565;0;310.842;101.161;5.74015
939.565;0;-347.476;16.4597;9.59063
939.565;0;-26.2907;143.605;5.09809
939.565;0;-88.2949;99.0896;10.6087
939.565;0;341.184;-155.433;2.34923
939.565;0;-3.15462;-10.0511;293.96
139.57;-1;-435.52;-310.587;367.095
957.78;0;-109.86;106.212;958.418
139.57;1;99.8853;-7.11753;453.702
939.565;0;152.444;-171.342;596.534
939.565;0;-325.765;-182.121;111.301
139.57;1;308.589;-380.293;524.402
939.565;0;37.7728;82.0718;1808.37
938.272;1;-1.22121;1.69331;8971.69
938.272;1;-3.48026;-1.39909;8981.13
939.565;0;-158.523;-177.442;1.95699
939.565;0;-258.527;-349.856;4.45423
939.565;0;122.092;339.157;5.58262
939.565;0;-146.21;-311.438;1.72361
939.565;0;-283.783;172.717;1.88531
939.565;0;-117.678;319.469;39.5834
0;0;297.052;33.8617;0.8031
939.565;0;-306.511;264.386;105.207
939.565;0;36.9925;79.7566;15.3974
939.565;0;-169.261;160.431;0.659215
939.565;0;473.536;-137.658;22.0346
938.272;1;-423.899;101.814;139.48
0.510999;-1;-424.024;101.843;0.00439309
938.272;1;-5.88849;14.4079;7596.54
939.565;0;-237.666;-125.954;14.4389
939.565;0;142.261;-3.58543;11.7231
939.565;0;208.351;262.182;3.12983
939.565;0;154.544;416.506;70.7505
939.565;0;348.989;325.903;20.7131
939.565;0;134.117;-147.951;52.7346
939.565;0;-125.716;185.426;56.0548
939.565;0;22.8536;-92.5505;0.236693
939.565;0;483.647;-49.4397;1.60463
939.565;0;48.4206;165.603;199.776
939.565;0;371.007;20.1512;74.8596
938.272;1;-98.7211;-487.308;55.6806
939.565;0;239.385;-116.342;0.547111
0;0;-201.64;-303.048;1.92848
939.565;0;-61.7881;-348.353;41.5983
139.57;1;-144.341;31.2215;306.15
0;0;-153.801;-141.345;3.93968
134.977;0;83.6196;-107.486;269.84
139.57;-1;94.9688;-36.8911;265.692
0.510999;-1;95.4756;-37.0731;0.00175224
938.272;1;138.002;-210.896;862.762
139.57;1;318.591;323.618;333.29
0;0;328.554;-100.154;0.173861
939.565;0;-126.438;278.69;0.696225
939.565;0;49.9804;-120.733;1.83671
939.565;0;-171.331;13.2458;1.05195
939.565;0;-179.157;128.173;7.66689
939.565;0;-26.9927;176.166;238.047
939.565;0;70.9718;165.875;742.46
939.565;0;225.02;-129.338;4.16761
0;0;315.395;450.158;1.17124
0;0;317.869;-261.558;0.562809
939.565;0;-278.252;-164.936;0.915825
939.565;0;-320.527;117.144;5.51476
939.565;0;31.891;-473.947;0.607549
939.565;0;-291.907;-451.966;3.19458
939.565;0;-301.076;-31.2331;19.7987
939.565;0;350.576;-48.1004;46.9366
939.565;0;-244.966;127.205;2.21359
939.565;0;-27.5471;-454.569;1.58982
939.565;0;289.561;-69.0657;2.28945
939.565;0;-353.266;-4.52565;1.60046
139.57;-1;-300.977;364.093;250.608
139.57;1;259.333;-24.7369;1259.43
939.565;0;-238.834;52.6199;1398.43
938.272;1;377.702;54.2467;258.561
0.510999;-1;379.313;54.4686;0.00455703
939.565;0;-212.667;346.504;132.678
938.272;1;322.97;-452.143;362.439
939.565;0;465.023;-311.143;4.12238
939.565;0;-104.413;-148.644;4.20338
939.565;0;-293.344;-48.7871;6.83574
0;0;-108.532;325.15;1.02149
939.565;0;-158.444;-125.462;2.93099
939.565;0;283.974;-140.939;4.14555
939.565;0;385.016;-90.6126;623.733
939.565;0;219.076;-10.5828;3.71197
939.565;0;88.421;-50.4545;0.813334
939.565;0;190.212;451.396;0.923423
939.565;0;167.241;-111.734;854.616
139.57;1;118.75;-291.026;431.169
134.977;0;-28.935;-13.4609;591.738
139.57;-1;114.27;-2.89688;1191.85
939.565;0;263.355;-418.883;0.518028
939.565;0;306.597;-297.222;1.05993
939.565;0;266.561;-362.083;2.50136
938.272;1;-141.944;116.334;169.411
139.57;-1;-79.2823;63.7103;717.019
139.57;1;77.4064;-34.8106;130.656
139.57;-1;428.181;-24.3598;279.531
139.57;1;-30.958;57.3975;833.178
0;0;-346.919;-139.318;1.09453
0;0;-97.8003;-205.919;1.12875
939.565;0;226.164;83.2764;6.44844
939.565;0;-87.1717;220.265;7.66254
939.565;0;-81.3015;35.2048;9.89645
939.565;0;471.482;-30.3253;34.6092
939.565;0;-249.247;-485.423;37.7161
939.565;0;468.376;42.4138;316.621
139.57;-1;-168.173;-459.849;86.136
939.565;0;60.6421;91.0956;934.844
139.57;-1;146.436;-232.188;645.244
939.565;0;-183.97;392.41;180.147
939.565;0;496.991;-69.2332;160.002
139.57;1;-143.299;98.3959;65.9341
939.565;0;92.3738;-199.608;1.87376
939.565;0;-376.709;-80.2119;57.7833
938.272;1;-316.042;19.3295;495.136
139.57;1;69.5714;16.1134;408.483
939.565;0;-22.3298;-420.36;2.34117
939.565;0;-228.638;-301.266;128.022
938.272;1;127.567;-115.164;641.527
938.272;1;-4.41471;5.47349;8967.73
939.565;0;139.476;-68.5617;0.179075
939.565;0;43.1129;243.33;6.23847
939.565;0;479.745;87.3481;4.40345
939.565;0;-151.165;-25.5609;9.0796
939.565;0;-156.202;-260.001;22.8622
939.565;0;47.5072;-14.4447;0.0914669
939.565;0;-193.165;-184.134;0.491888
939.565;0;-262.119;97.2027;15.9592
939.565;0;-260.969;-29.6174;58.5858
939.565;0;21.5776;368.696;27.2264
939.565;0;-231.194;170.383;185.728
939.565;0;312.243;-36.2044;166.304
939.565;0;314.013;146.229;90.9019
134.977;0;-169.21;-308.121;149.984
0;0;-158.84;-248.518;1.03563
939.565;0;256.553;-101.723;2.25615
939.565;0;255.723;143.452;3.07746
939.565;0;-112.01;-162.756;3.37446
0;0;215.624;-206.549;1.28993
939.565;0;-288.677;-13.8681;6.72285
939.565;0;199.724;299.876;47.0805
139.57;-1;278.965;201.765;148.668
134.977;0;-91.8862;101.116;740.518
134.977;0;-13.5013;-179.281;328.811
939.565;0;283.212;-262.826;0.407342
0;0;-343.112;470.269;1.66449
938.272;1;-215.49;-160.288;20.8993
0.510999;-1;-218.227;-162.17;0.00237002
939.565;0;409.22;-360.672;0.390858
0;0;230.549;246.96;1.07157
939.565;0;-225.087;-3.77648;5.33846
939.565;0;368.059;268.168;5.53274
939.565;0;74.0729;266.064;6.76811
939.565;0;215.569;-424.79;2.29293
939.565;0;146.936;98.7138;7.7734
0;0;345.063;220.875;2.3235
939.565;0;-299.019;289.873;0.399703
939.565;0;-45.7522;-409.015;22.3116
939.565;0;-105.74;-332.365;32.0734
939.565;0;-167.905;-85.3682;0.425839
939.565;0;-453.793;-53.183;7.00949
939.565;0;420.985;-249.28;17.0201
939.565;0;208.548;224.762;3.37507
939.565;0;-237.154;-331.287;28.4463
939.565;0;124.676;-114.901;4.11408
939.565;0;489.407;-112.571;38.4137
939.565;0;216.648;-379.642;0.795503
939.565;0;200.646;212.721;57.0399
939.565;0;215.05;-215.241;15.3123
939.565;0;33.601;-307.767;61.2542
939.565;0;393.917;-171.118;105.632
939.565;0;495.384;-151.842;9.63333
939.565;0;419.986;-476.798;0.992861
939.565;0;-244.328;-265.58;0.304924
939.565;0;303.627;-56.9173;110.633
134.977;0;63.3444;-117.362;306.538
939.565;0;105.333;-104.264;354.474
939.565;0;-229.011;494.264;106.147
939.565;0;-40.9886;377.126;2.16574
939.565;0;-60.5599;-85.3805;72.314
139.57;-1;392.363;352.201;149.625
0;0;453.647;-496.888;1.20638
939.565;0;398.88;170.544;2.16732
938.272;1;51.8561;-22.2761;8064.22
0.510999;-1;52.2991;-22.4671;0.00102224
938.272;1;3.42945;-0.710724;8989.03
939.565;0;-68.2154;344.604;2.84293
939.565;0;27.5347;39.4996;1.96074
939.565;0;-120.3;-441.904;35.4806
139.57;1;-6.4297;0.670892;168.278
0.510999;-1;-6.11373;0.753831;0.00164878
134.977;0;75.0406;119.555;1315.48
139.57;-1;-98.9775;21.2608;836.571
939.565;0;141.335;-237.441;3.06602
939.565;0;-344.376;-220.826;10.5425
939.565;0;-60.8055;248.476;1.77892
0;0;98.017;-445.853;2.80853
939.565;0;-296.428;-44.7229;2.95571
939.565;0;111.328;-397.547;17.4688
939.565;0;224.338;-356.45;21.2211
938.272;1;405.436;-302.825;516.296
939.565;0;-430.182;-129.867;129.114
0;0;130.842;-483.436;0.699906
134.977;0;7.06056;-100.575;1463.78
0;0;-344.625;-469.568;1.20351
939.565;0;-215.405;37.5874;78.5389
939.565;0;80.2577;27.9473;100.837
0;0;-185.873;377.756;1.05843
939.565;0;-113.324;123.035;0.398355
939.565;0;272.205;-77.9627;2.35217
939.565;0;-233.76;-33.2838;1.97225
939.565;0;-259.68;497.204;51.7636
938.272;1;421.905;-134.312;70.9036
0.510999;-1;424.301;-135.053;0.00182947
139.57;-1;-107.762;52.6121;398.395
139.57;1;-74.6896;-98.4699;411.45
939.565;0;-55.2013;153.978;1.22173
939.565;0;68.3889;-162.73;8.51958
939.565;0;-172.266;-222.819;2.08674
939.565;0;-161.157;274.069;5.68339
939.565;0;-334.365;-172.811;10.6442
939.565;0;109.76;-249.675;32.2169
939.565;0;-89.4041;18.0085;159.043
939.565;0;5.00974;-212.237;1.05385
939.565;0;-137.138;271.127;1.84144
0;0;284.421;-33.0761;2.89763
939.565;0;-179.803;137.989;3.52367
939.565;0;90.7437;-387.85;5.10304
938.272;1;-215.117;94.106;208.852
0.510999;-1;-217.478;95.1367;0.00108259
939.565;0;5.94153;25.6921;2163.34
939.565;0;336.485;199.88;2.58275
939.565;0;-118.531;-17.9991;0.365765
939.565;0;10.0848;-64.3838;7.21575
939.565;0;227.07;36.6534;0.582253
939.565;0;323.266;273.585;1.91021
939.565;0;391.958;17.1765;4.96974
939.565;0;460.114;-82.9756;5.44016
939.565;0;-11.5083;409.94;0.607017
939.565;0;-112.239;416.106;0.941455
939.565;0;-84.0634;-437.985;0.656179
939.565;0;-294.774;92.9282;1.10114
939.565;0;-139.919;-328.009;4.6691
0;0;383.427;492.676;3.06064
939.565;0;108.505;13.122;6.0012
939.565;0;7.65931;0.379263;5.59299
939.565;0;1.05598;109.677;15.3289
939.565;0;41.1412;-415.459;12.2553
939.565;0;-393.68;477.115;34.423
939.565;0;379.78;-417.531;17.1234
939.565;0;2.02933;423.578;0.630951
939.565;0;314.954;366.782;2.58979
939.565;0;-474.23;353.804;213.571
139.57;-1;-226.741;320.473;526.754
134.977;0;321.14;-180.604;548.276
939.565;0;-39.4211;-73.2426;144.673
939.565;0;208.813;-123.166;2.41546
939.565;0;156.236;81.6946;10.5483
939.565;0;113.732;-178.464;46.6135
139.57;1;36.2642;-13.5602;350.022
939.565;0;58.9318;3.98668;583.302
938.272;1;0.397102;103.532;2735.55
0.510999;-1;0.399751;104.19;0.00431373
939.565;0;-131.712;-284.545;0.527322
939.565;0;156.355;149.657;1.1903
939.565;0;-431.353;78.0696;1.11386
939.565;0;123.398;6.03262;97.5817
939.565;0;-336.377;-234.92;0.852816
0;0;-275.685;-42.7381;0.805674
939.565;0;133.013;-222.65;3.59169
0;0;-345.946;85.1955;0.41472
0;0;435.001;276.898;0.683384
0;0;-231.535;-160.699;0.583016
939.565;0;7.06651;-278.801;6.54486
939.565;0;-350.302;-39.6354;8.87987
939.565;0;-387.719;-0.421761;15.9472
939.565;0;-389.242;-51.4823;2.45614
939.565;0;249.982;334.666;133.493
134.977;0;22.9554;-24.4582;2147.76
938.272;1;-69.0309;37.7894;3649.94
939.565;0;238.632;6.90124;2.16617
939.565;0;200.817;107.688;2.73674
939.565;0;31.3209;163.86;176.558
938.272;1;-0.560511;-13.1296;8683.76
939.565;0;-105.005;-44.574;2.20097
939.565;0;366.096;226.36;5.30727
939.565;0;22.3403;-496.341;0.0538855
939.565;0;-239.808;260.155;0.184545
939.565;0;-425.437;-381.41;63.7206
939.565;0;358.943;-411.307;0.128096
939.565;0;-27.0787;-32.2434;2.29286
939.565;0;-243.785;151.866;22.3681
939.565;0;4.87149;135.248;2047.79
939.565;0;82.392;122.334;2.16
939.565;0;103.713;87.5999;8.33766
939.565;0;464.391;-195.401;0.322247
939.565;0;466.064;-238.235;80.6662
939.565;0;-264.183;-197.367;101.37
939.565;0;-203.2;-354.638;229.096
939.565;0;-237.243;244.345;5.2139
939.565;0;130.815;288.698;7.99286
134.977;0;35.5509;-96.2764;854.572
939.565;0;-263.358;-149.659;5.02721
939.565;0;-237.001;-237.751;5.42937
139.57;-1;357.207;-158.642;416.623
939.565;0;-326.006;-38.554;305.977
139.57;1;219.374;452.559;162.768
0;0;316.183;67.6825;0.627472
938.272;1;0.841658;2.47674;8969.2
0;0;-61.4339;-47.5309;4.05951
938.272;1;2.79334;-3.82382;8980.04
939.565;0;213.742;-99.8892;4.94189
939.565;0;319.196;-78.6411;22.2101
939.565;0;-325.313;-71.7553;2.2494
939.565;0;-173;-208.992;1.09645
939.565;0;-29.6571;-250.333;1.57342
939.565;0;422.039;-88.7251;2.80701
939.565;0;239.953;-220.406;4.17577
939.565;0;-63.9201;-160.586;528.801
139.57;1;119.597;-112.286;914.311
939.565;0;-25.4982;-130.531;1704.2
0;0;-51.4839;-123.328;2.61455
0;0;279.595;263.332;0.86056
939.565;0;318.402;-197.289;0.65373
0;0;-172.444;429.428;1.87283
939.565;0;-296.106;-202.586;2.23873
939.565;0;-43.468;317.143;5.63515
939.565;0;-103.809;-72.4814;0.727063
938.272;1;43.0682;-2.251;23.9512
0.510999;-1;41.9673;-2.43601;0.0106917
939.565;0;256.821;223.011;478.708
939.565;0;35.308;-43.254;1428.41
939.565;0;-66.9417;-54.1649;0.823831
939.565;0;62.1532;-167.818;5.97477
939.565;0;258.376;-35.5977;1.87814
939.565;0;496.838;51.9919;2.79678
939.565;0;-201.095;-92.862;0.618984
939.565;0;-56.984;185.961;1.52169
939.565;0;16.5357;-244.874;0.12563
939.565;0;13.7292;-288.452;108.048
939.565;0;378.372;231.67;8.79037
939.565;0;-177.598;-140.555;0.621858
939.565;0;430.132;317.864;4.45022
939.565;0;105.829;360.896;0.71244
939.565;0;194.004;105.951;1.41885
939.565;0;37.1374;-440.319;0.763672
0;0;191.752;94.096;1.10518
939.565;0;-391.904;480.594;0.939022
939.565;0;77.2767;498.804;3.74674
939.565;0;26.0932;119.278;124.806
939.565;0;-64.0427;439.557;2.00457
939.565;0;388.291;76.8165;4.20447
0;0;345.904;474.301;0.570055
0;0;135.12;118.911;0.898473
939.565;0;168.123;8.82308;2.69363
134.977;0;-98.6422;15.5325;358.18
938.272;1;148.811;20.7398;533.476
134.977;0;-28.3105;21.9831;1567.74
139.57;1;89.6624;138.685;343.943
0;0;-230.998;182.329;3.04956
939.565;0;-85.5455;-46.187;863.035
939.565;0;376.947;12.4948;827.581
0;0;-53.5607;376.136;3.17914
939.565;0;-299.97;-213.471;1.35321
939.565;0;431.12;127.025;87.7879
939.565;0;449.212;187.646;22.4909
939.565;0;126.488;326.314;77.697
939.565;0;-212.002;-159.497;18.0949
939.565;0;232.928;22.6666;0.574123
0;0;371.31;308.488;0.660904
939.565;0;-248.683;-380.582;7.06214
939.565;0;-103.753;5.06042;37.2761
139.57;1;129.202;-125.268;453.228
0.510999;-1;129.98;-126.033;0.00166235
139.57;-1;-117.674;254.857;136.692
939.565;0;130.652;196.926;58.8383
939.565;0;442.257;-462.31;1.66779
139.57;-1;223.942;219.627;459.865
139.57;1;0.200208;470.515;86.5411
939.565;0;-184.089;-53.4481;0.5457
939.565;0;-65.3784;-320.723;0.582656
1875.61;1;24.8368;-147.749;54.7258
0.510999;-1;24.7341;-147.532;0.00364979
0.510999;-1;24.7356;-147.528;0.00103773
939.565;0;271.393;-27.9884;2.808
939.565;0;274.481;-57.9465;3.4465
939.565;0;-75.0037;-495.803;3.74826
939.565;0;-111.786;-398.524;4.65827
939.565;0;143.497;122.584;4.75453
939.565;0;349.665;185.466;6.54945
939.565;0;-23.0572;12.7892;11.1745
939.565;0;-46.5046;-42.0409;12.3429
939.565;0;65.9075;157.956;102.751
938.272;1;9.5644;-113.072;133.842
0.510999;-1;9.67101;-116.57;0.00528507
938.272;1;427.752;-85.6844;355.354
938.272;1;154.105;441.391;201.855
938.272;1;-179.094;312.828;139.375
139.57;-1;367.326;-45.176;190.768
139.57;-1;-146.364;107.964;225.999
139.57;1;-28.4763;32.6014;1752.42
0;0;-452.664;-129.36;0.415812
0;0;-0.38588;-244.054;0.819809
0;0;160.715;-169.397;0.387631
139.57;-1;170.276;-44.522;100.455
939.565;0;-20.492;120.335;0.962657
139.57;1;144.42;-433.712;316.268
939.565;0;-48.7831;-65.5288;2505.05
938.272;1;-3.1275;2.76457;8942.92
938.272;1;-1.45613;-2.78809;8939
0.510999;-1;-1.47683;-2.83532;0.00143717
939.565;0;-65.3781;-262.391;7.67184
939.565;0;-76.6239;-253.178;0.94179
939.565;0;185.917;101.444;1.56167
939.565;0;-414.143;330.287;2.29107
939.565;0;-5.19197;125.807;1.16146
939.565;0;-364.016;-327.012;31.588
939.565;0;347.365;5.93366;214.16
139.57;1;11.7075;222.771;1100.68
139.57;-1;-99.9399;-67.5367;1256.56
0;0;39.8393;-160.653;5.49891
939.565;0;374.785;-368.251;0.580806
139.57;-1;-48.1111;-156.153;205.317
134.977;0;-138.171;-23.9099;1463.02
939.565;0;325.259;4.83649;0.258696
939.565;0;-295.215;79.2197;90.0651
139.57;1;29.6544;238.198;329.461
938.272;1;76.6138;3.14348;1972.5
938.272;1;-3.47312;3.13623;8957.69
0;0;-81.0889;-248.752;4.52796
0;0;-255.951;-183.43;0.674034
0;0;-182.51;-116.869;6.37405
0;0;-191.855;-97.8399;0.290603
0;0;29.7454;-135.822;0.837057
938.272;1;4.06333;-0.96694;8963.35
939.565;0;330.009;339.37;0.107407
939.565;0;-484.528;-360.904;135.134
939.565;0;391.624;-269.299;94.7805
939.565;0;-59.1434;50.2873;1.23901
939.565;0;-457.778;285.606;3.34041
0;0;-369.658;-311.567;0.903371
939.565;0;228.637;-158.564;1.11684
939.565;0;-314.22;182.741;59.7349
938.272;1;-225.634;-407.142;63.4021
0.510999;-1;-225.811;-407.442;0.00116347
938.272;1;187.117;197.971;93.2182
938.272;1;272.882;402.686;230.305
0.510999;-1;272.562;402.509;0.00552756
939.565;0;-367.714;112.798;0.436894
939.565;0;123.199;-143.362;222.581
939.565;0;-33.1555;-49.9695;49.0551
939.565;0;-30.93;-271.247;400.983
139.57;1;-75.5465;260.664;40.9623
134.977;0;-248.256;-164.052;1557.14
938.272;1;-34.986;340.467;1431
0.510999;-1;-35.2255;342.846;0.00384938
938.272;1;-2.22545;0.634163;8902.7
0;0;144.33;-144.379;1.37048
938.272;1;-1.138;3.04375;8953.8
938.272;1;1.09256;0.680068;8935.43
0;0;13.4979;83.6638;1.49502
939.565;0;204.758;72.2158;1.88531
939.565;0;-224.963;63.3836;0.302584
939.565;0;-8.53472;-430.985;5.40969
939.565;0;-167.944;81.323;0.651278
939.565;0;-426.794;438.607;1.53652
939.565;0;-46.3693;-114.322;111.547
939.565;0;-120.417;-106.594;125.583
939.565;0;-49.3764;309.476;1262.66
938.272;1;-106.597;-313.74;120.981
134.977;0;421.723;-3.33677;402.872
0;0;176.795;-279.376;0.8031
939.565;0;102.087;13.513;50.577
939.565;0;-25.6982;329.775;137.128
139.57;1;-91.1445;53.6112;503.623
139.57;-1;-212.76;-269.861;628.212
0;0;-37.2529;-78.6891;2.96374
134.977;0;42.513;36.6396;443.513
938.272;1;30.5488;72.008;1188.19
0.510999;-1;30.5619;72.042;0.00221915
939.565;0;-369.685;18.0424;0.893034
939.565;0;133.118;10.2444;0.566336
939.565;0;113.996;86.7004;1.21599
939.565;0;-458.327;-120.425;4.3764
939.565;0;-446.706;97.8927;52.0338
139.57;1;-75.6903;31.0555;638.362
939.565;0;481.056;280.596;0.696056
938.272;1;37.0498;12.2498;5139.46
139.57;1;-8.91066;180.761;471.53
139.57;1;-43.707;201.405;87.5306
139.57;-1;66.2691;42.3886;594.67
938.272;1;8.38694;5.48621;8975.21
939.565;0;140.1;259.621;1.19017
939.565;0;-115.047;85.2943;9.24351
938.272;1;112.852;107.901;165.347
139.57;1;75.2341;25.1215;183.432
0;0;6.30331;11.3147;2.33247
939.565;0;-9.82555;-10.6391;8205.21
0.510999;-1;-259.836;63.228;0.283904
939.565;0;132.313;-247.367;0.741209
939.565;0;209.265;-241.424;4.46416
939.565;0;270.759;-126.562;2.78508
939.565;0;294.076;-265.724;1.65099
0;0;308;-353.781;2.0652
0;0;-440.487;-167.067;0.343648
939.565;0;386.354;54.736;22.6633
939.565;0;-131.054;-277.374;103.641
547.862;0;40.9547;-28.3029;1663.13
939.565;0;-364.344;-131.948;1.38083
939.565;0;-391.572;186.839;1.66208
939.565;0;-105.563;-64.4947;5.01902
939.565;0;-98.5;-187.955;48.085
547.862;0;51.0591;66.6948;1635.65
939.565;0;-250.159;-340.085;5.00599
939.565;0;-496.834;214.178;1.59373
939.565;0;128.476;241.781;1.92998
0;0;-117.176;261.945;0.897581
939.565;0;76.2921;-0.0539917;2.20203
939.565;0;181.605;-64.3741;2.7549
939.565;0;279.472;-34.5018;4.08978
938.272;1;34.6499;-94.9652;2003.98
0.510999;-1;-89.8767;41.3959;0.894603
938.272;1;-1.85358;-1.78064;8984.21
938.272;1;-0.245458;-1.6077;8971.13
0.510999;-1;-0.248025;-1.61901;0.00138587
938.272;1;-1.69066;-3.21843;8972.75
0;0;11.5358;-353.866;0.340626
939.565;0;-406.302;86.2711;1.29711
939.565;0;-95.5111;-112.451;0.170073
939.565;0;-141.287;-133.93;56.2876
939.565;0;-15.3915;151.317;253.714
939.565;0;-59.4255;-14.22;126.724
134.977;0;9.32588;377.671;219.043
139.57;1;65.6497;-446.954;420.665
939.565;0;-208.92;-55.0481;252.139
939.565;0;171.423;-108.214;46.6169
939.565;0;-235.667;-73.1293;0.298555
939.565;0;362.664;-32.1499;1.75021
547.862;0;-68.9253;235.925;264.176
134.977;0;205.2;37.7332;243.059
939.565;0;-159.149;-69.8628;136.433
139.57;-1;-59.2851;218.82;945.492
134.977;0;87.0368;-95.3179;650.488
938.272;1;17.7732;105.77;1174.5
0.510999;-1;18.2144;108.572;0.00228692
134.977;0;-201.429;23.4968;414.99
939.565;0;-22.6978;-204.872;1.37192
939.565;0;59.1389;265.308;0.30582
938.272;1;17.6199;14.3244;8474.23
0.510999;-1;494.048;-97.6207;8.60993
0;0;-81.1544;-108.484;1.04836
938.272;1;5.73302;3.01337;8960.38
0.510999;-1;18.2419;9.5977;0.0356119
0;0;-183.939;138.486;2.35509
939.565;0;-281.61;-97.7315;1.55754
939.565;0;461.728;216.929;0.424605
939.565;0;-454.248;-268.495;4.32499
0;0;-170.6;-183.812;1.65764
0;0;210.714;317.88;1.16666
939.565;0;-207.667;-235.51;7.52471
939.565;0;89.7446;44.4606;1.92968
939.565;0;-26.4055;140.281;18.6743
939.565;0;-183.616;-213.486;0.609883
0;0;-279.798;120.383;3.89632
939.565;0;66.4866;383.258;35.6919
939.565;0;65.3562;146.387;0.275095
939.565;0;231.262;401.121;1.805
939.565;0;-419.62;-207.582;27.3842
139.57;-1;-93.466;-481.74;344.41
939.565;0;171.133;150.623;19.0269
938.272;1;-53.6783;241.111;308.089
134.977;0;-0.217479;-35.9259;833.549
939.565;0;155.657;13.147;728.481
134.977;0;-107.837;-374.077;399.403
139.57;-1;-24.968;15.8834;381.926
939.565;0;404.427;-103.71;0.865527
939.565;0;118.29;226.327;0.928451
939.565;0;141.54;277.124;2.13933
939.565;0;-173.354;-40.19;2.1395
939.565;0;-40.6882;-143.072;3.84486
0;0;21.0782;-259.303;4.51625
939.565;0;65.787;339.013;6.92848
939.565;0;-353.278;45.409;8.49784
939.565;0;-126.65;-108.165;9.46101
939.565;0;-141.535;-125.476;14.8585
939.565;0;-494.056;-246.337;18.4493
939.565;0;-13.205;204.953;20.0702
939.565;0;-357.753;460.405;78.1005
939.565;0;-221.299;-447.054;85.6907
938.272;1;84.839;226.569;45.3108
0.510999;-1;85.4852;228.24;0.0065354
0.510999;-1;85.2315;228.082;0.00224104
938.272;1;317.648;100.212;143.048
938.272;1;-110.937;-52.0327;281.743
0;0;142.609;86.8815;1.28443
939.565;0;368.457;16.4413;6.8694
939.565;0;-83.7517;406.17;11.3746
939.565;0;-107.426;19.3797;0.533864
939.565;0;90.1664;240.913;1.43014
939.565;0;-228.762;477.126;5.62844
939.565;0;-344.471;-309.347;64.1275
0;0;-295.291;-170.813;0.70195
139.57;-1;30.6043;-38.4999;1008.52
134.977;0;11.0878;39.6446;340.287
939.565;0;70.8449;52.4096;441.906
139.57;1;21.9254;-65.5677;2652.03
139.57;-1;111.204;-60.5552;132.84
938.272;1;-28.1207;1.35043;2890.64
938.272;1;3.37503;0.898775;8971.54
939.565;0;-389.668;463.117;3.18804
939.565;0;-71.8187;289.654;31.9912
0;0;141.655;459.398;0.71553
939.565;0;-144.428;-6.73384;3.75628
134.977;0;1.98983;47.2025;1565.22
938.272;1;-217.895;-30.8761;1124.5
939.565;0;396.878;401.472;12.6076
939.565;0;194.502;42.2571;2.56912
0;0;116.411;303.414;1.2602
0;0;16.6355;57.8431;1.25681
134.977;0;312.253;273.097;300.992
939.565;0;343.654;-112.685;125.058
134.977;0;-1.02278;53.8626;891.573
938.272;1;73.3888;13.1123;1803.5
134.977;0;366.82;-385.254;70.671
939.565;0;199.178;337.041;0.342747
134.977;0;56.5567;-327.24;379.11
139.57;1;128.826;-146.004;252.327
0.510999;-1;213.883;-182.859;0.192795
939.565;0;179.842;-1.95866;4.49372
939.565;0;37.7455;293.829;47.2421
0;0;145.765;-247.826;0.510999
939.565;0;51.1089;-263.177;0.7933
939.565;0;229.129;125.247;186.823
939.565;0;-52.3148;-28.7146;215.348
939.565;0;217.163;-152.056;3.2663
134.977;0;18.4056;24.4551;233.429
134.977;0;280.586;-30.4011;687.109
939.565;0;-42.5112;22.6287;879.567
939.565;0;78.599;-11.6425;7.78753
939.565;0;147.198;337.157;11.5238
0;0;399.908;-177.889;1.96575
939.565;0;-177.483;-285.087;0.75957
939.565;0;-400.51;-378.211;0.743784
939.565;0;-420.814;242.394;0.912285
939.565;0;322.39;193.036;1.64772
939.565;0;148.896;-1.54079;1.76028
939.565;0;156.557;448.158;12.748
139.57;1;147.387;-341.383;1123.53
938.272;1;-0.873034;-7.00023;8985.45
938.272;1;-1.90624;-2.47609;8982.13
938.272;1;1.66475;5.45623;8951.12
0;0;-147.925;37.2016;0.516932
939.565;0;-148.757;231.574;5.31685
939.565;0;-178.892;-49.1981;1.03474
0;0;-185.886;-12.8286;2.61321
939.565;0;305.969;-152.756;5.72706
939.565;0;272.609;-153.078;11.8235
939.565;0;53.1245;379.926;12.9838
939.565;0;-433.892;-133.296;34.6481
939.565;0;-236.484;31.1537;345.746
939.565;0;-241.46;-194.158;87.7768
939.565;0;-95.1735;-57.6265;33.8567
939.565;0;-349.621;22.1515;167.276
939.565;0;114.576;306.508;221.73
938.272;1;-327.88;-169.41;112.404
939.565;0;-289.653;-38.4066;3.73652
939.565;0;103.431;87.1243;571.68
938.272;1;-455.283;-51.8668;446.787
939.565;0;120.369;-177.118;209.17
139.57;1;320.284;491.783;334.278
939.565;0;316.338;33.2703;0.352262
939.565;0;101.371;-219.293;2.40774
939.565;0;14.0519;-410.07;1.52739
939.565;0;144.32;16.8047;1.61433
939.565;0;-58.5081;27.8361;1.46843
939.565;0;-86.8064;249.296;3.33136
939.565;0;156.564;-449.435;176.2
938.272;1;3.88905;-0.674254;8976.54
939.565;0;-202.648;59.634;4.21993
939.565;0;-252.346;-48.6477;2.5
0;0;48.1151;133.357;1.82572
0;0;-293.282;-24.4756;2.43213
939.565;0;377.924;231.156;137.787
938.272;1;255.502;385.574;73.3142
939.565;0;237.928;-194.294;207.825
139.57;-1;94.5861;57.86;1290.76
134.977;0;-11.2053;-177.967;1331.52
939.565;0;65.9887;55.7683;84.7913
139.57;-1;477.2;71.8174;250.32
939.565;0;-346.495;-121.972;309.874
939.565;0;-422.867;-19.5743;1.67675
938.272;1;-228.989;-77.2423;469.226
938.272;1;1.5424;4.22363;8978.28
0.510999;-1;1.54746;4.23849;0.00100253
939.565;0;39.9499;-309.946;4.22796
939.565;0;-36.1747;-129.324;11.618
939.565;0;-436.175;-311.008;6.08898
939.565;0;36.6727;254.659;77.1097
938.272;1;-42.4236;-23.4356;6871.76
938.272;1;-1.09329;2.87176;8966.16
0;0;151.122;61.19;1.42371
939.565;0;216.822;111.657;2.80619
939.565;0;-173.083;-28.486;1.04326
939.565;0;44.8884;13.4852;167.17
939.565;0;-254.678;-99.1905;157.204
939.565;0;-199.706;278.505;1.0623
939.565;0;211.621;117.995;2.67862
939.565;0;-293.558;-245.326;159.784
938.272;1;8.21771;189.466;163.386
939.565;0;242.488;200.621;0.385157
939.565;0;156.636;443.665;2.61805
939.565;0;290.848;-57.1535;5.77941
939.565;0;-6.01439;104.129;194.426
939.565;0;303.273;-172.255;158.237
938.272;1;100.084;496.844;129.347
139.57;1;179.514;118.202;184.691
134.977;0;43.8453;-293.997;294.369
939.565;0;11.0541;-199.893;170.063
939.565;0;-2.76898;184.312;1.59407
939.565;0;112.669;-250.925;286.671
497.614;0;-187.925;-17.5291;237.091
1192.64;0;-34.5278;-27.597;1415.64
939.565;0;87.3411;-51.5057;4.68464
939.565;0;50.8981;-16.4429;1.24637
939.565;0;-135.466;-106.837;1.31584
0;0;-151.586;408.531;2.43714
139.57;-1;65.8021;-313.901;595.388
139.57;1;-55.696;104.087;1155.61
939.565;0;-200.103;380.622;6.71934
939.565;0;323.555;-38.4689;95.7151
0;0;235.339;301.828;0.682249
939.565;0;214.919;218.117;0.217023
939.565;0;-241.538;386.043;1.97464
939.565;0;-53.6316;247.77;0.725603
938.272;1;95.4159;22.8355;73.4205
0.510999;-1;98.5583;24.0288;0.00157785
139.57;-1;-283.533;-477.879;314.623
939.565;0;303.657;-208.929;266.264
939.565;0;311.457;-130.898;87.5211
134.977;0;97.2261;192.475;50.5279
938.272;1;203.705;106.939;266.554
939.565;0;96.9581;-77.6081;438.143
938.272;1;0.408815;-3.69187;8965.1
0;0;192.437;325.067;0.603216
939.565;0;-154.081;304.599;1.81822
939.565;0;-411.529;214.104;21.6513
939.565;0;-366.89;-372.89;0.941276
0;0;232.05;286.254;2.84273
939.565;0;-57.6537;136.638;0.557049
939.565;0;174.068;-122.212;0.742385
939.565;0;-286.098;138.538;3.10211
939.565;0;-80.2147;-65.4071;14.8967
939.565;0;384.544;208.723;184.604
939.565;0;422.053;88.2485;59.524
939.565;0;68.9674;320.168;55.7983
939.565;0;65.8198;75.4078;37.8741
939.565;0;-106.72;174.03;0.269219
939.565;0;155.464;-175.9;18.2159
939.565;0;45.6178;247.717;2.62438
939.565;0;-273.344;141.319;1.38482
939.565;0;-145.945;-210.434;0.229595
939.565;0;-309.463;-307.104;0.434988
939.565;0;371.723;434.42;0.230322
939.565;0;195.429;-394.357;1.83677
134.977;0;-238.789;-228.642;178.413
134.977;0;30.7332;-305.086;269.103
939.565;0;240.455;6.26808;268.088
939.565;0;429.387;-127.593;0.706038
939.565;0;-105.743;15.2222;1.83359
939.565;0;211.527;-427.657;1.9814
0;0;359.545;-230.586;0.503622
939.565;0;153.104;82.7862;72.5757
939.565;0;-20.0436;-78.0407;113.223
938.272;1;-208.03;-40.4764;210.623
0.510999;-1;-208.605;-40.5803;0.0034815
939.565;0;206.926;-68.5794;0.89454
939.565;0;-309.525;499.784;1.65704
134.977;0;237.74;-245.629;138.305
134.977;0;-283.558;-93.4997;88.9142
938.272;1;148.557;117.973;950.933
939.565;0;9.37131;152.758;3.26768
0;0;302.679;481.072;0.583173
939.565;0;-70.6029;-240.064;2.87446
939.565;0;236.86;-389.46;1.20085
939.565;0;429.032;298.283;2.0324
939.565;0;-335.249;-401.483;2.79495
139.57;1;91.7276;-214.62;373.486
139.57;-1;-42.5691;133.646;534.501
939.565;0;432.601;260.576;1.58671
939.565;0;125.373;-55.1347;1.61619
939.565;0;-267.792;38.161;121.481
939.565;0;328.417;-178.467;2.63154
939.565;0;-46.5488;297.777;7.65586
939.565;0;23.0663;-14.5194;0.940404
939.565;0;-415.777;-434.464;3.04469
939.565;0;27.9127;-178.207;1.48979
939.565;0;-119.832;-211.928;0.35627
939.565;0;144.87;296.104;0.959703
939.565;0;332.112;129.321;275.622
939.565;0;196.797;26.4661;1.5844
939.565;0;-72.5767;156.465;2.12311
939.565;0;-107.537;-444.917;177.867
939.565;0;239.052;-160.062;283.77
939.565;0;77.9881;33.2184;0.438488
939.565;0;95.0027;376.947;2.31998
939.565;0;-152.041;202.097;241.609
939.565;0;-118.548;-225.795;3.84754
134.977;0;-78.0084;-166.254;1131.92
938.272;1;34.3428;-110.379;290.302
939.565;0;129.767;-89.7114;0.578595
939.565;0;441.388;73.3566;0.481514
939.565;0;-151.874;366.154;1.3588
939.565;0;-183.376;-264.431;6.09188
939.565;0;-246.87;-237.337;6.19056
939.565;0;-94.7652;106.504;10.9433
939.565;0;-317.703;-367.105;41.52
0;0;198.217;-421.883;1.3205
939.565;0;-228.97;-248.972;2.78652
939.565;0;18.6325;53.8615;101.03
939.565;0;-330.936;176.318;0.481387
939.565;0;-11.2703;-415.463;2.21891
547.862;0;-284.49;-318.153;816.483
134.977;0;202.867;96.5729;2152.49
938.272;1;381.558;1.64933;354.981
134.977;0;-313.223;207.845;163.954
139.57;1;-137.755;2.78925;976.753
0;0;-84.6481;-48.2186;3.91391
0;0;29.8466;-420.419;0.479132
939.565;0;-27.903;-325.731;1.77544
0;0;-0.321274;246.629;2.67289
939.565;0;406.091;121.084;6.47774
0;0;70.9761;-293.267;1.76612
939.565;0;-190.595;291.289;9.63542
939.565;0;276.724;-172.811;10.1121
939.565;0;-109.451;-26.8115;0.420215
939.565;0;473.526;80.9266;2.00782
939.565;0;430.951;72.561;13.2273
939.565;0;362.368;-49.293;30.2245
938.272;1;457.507;273.041;46.786
938.272;1;-2.75547;6.15592;8980.35
939.565;0;-183.324;-88.113;5.59046
939.565;0;-333.067;-83.3229;1.38911
939.565;0;-475.34;-494.256;10.0559
939.565;0;-185.823;-383.696;12.6545
939.565;0;-69.2224;-16.4918;0.590481
939.565;0;-282.908;-336.253;15.1601
939.565;0;355.638;421.834;0.406539
0;0;153.515;-326.374;0.816141
939.565;0;-132.034;-11.1279;81.6695
939.565;0;-36.8968;-2.11636;0.674319
939.565;0;234.218;132.344;76.5204
939.565;0;205.183;301.898;48.5727
939.565;0;452.708;-59.9169;0.0916099
939.565;0;-291.907;60.813;0.184463
938.272;1;16.3307;63.8967;89.1571
0.510999;-1;16.4227;64.2397;0.00180456
938.272;1;-318.352;-105.215;65.5616
0.510999;-1;-335.406;-113.904;0.0989343
939.565;0;314.812;-43.4139;284.432
939.565;0;-40.6517;-474.24;41.6785
938.272;1;58.6916;-113.836;186.647
938.272;1;-14.9912;231.365;38.2237
0.510999;-1;-15.2945;235.729;0.00225331
939.565;0;121.213;-2.92827;148.205
939.565;0;-111.511;-98.8856;55.9566
938.272;1;101.314;-485.595;176.118
139.57;-1;-22.8104;-7.94421;742.107
938.272;1;3.1642;95.3824;2169.16
0;0;-390.334;94.7021;0.352563
0;0;-261.539;-303.649;0.987778
0;0;-401.894;-426.465;2.7953
938.272;1;0.109116;-0.0232727;8882.17
0.510999;-1;0.108909;-0.0308492;0.00351814
0;0;214.621;-173.386;2.68873
939.565;0;79.4933;188.921;0.547802
939.565;0;-257.142;430.422;1.59005
939.565;0;190.413;-112.97;40.5681
939.565;0;4.70286;109.147;3.98589
939.565;0;65.1277;368.572;2.39819
939.565;0;340.399;-188.004;3.34842
939.565;0;-46.255;324.041;37.5161
939.565;0;-282.105;-255.645;167.017
139.57;-1;392.337;103.499;149.288
0.510999;-1;398.302;105.116;0.00214831
134.977;0;183.292;64.5219;274.265
939.565;0;-143.546;105.063;633.984
134.977;0;-28.0448;29.2176;865.269
139.57;1;-4.38656;-162.888;1363.79
939.565;0;7.70828;234.745;700.694
939.565;0;3.21382;-119.444;2410.35
939.565;0;244.62;26.4477;1.47724
139.57;1;-210.613;-78.7257;708.684
134.977;0;312.641;54.9275;416.331
939.565;0;331.037;-23.9975;1.43589
939.565;0;-33.882;-319.551;2.42248
939.565;0;-286.859;-109.415;3.44398
939.565;0;68.3676;-175.282;3.46492
939.565;0;92.5203;-16.0308;3.61944
0;0;139.738;-104.899;0.739193
0;0;-206.38;264.283;2.61386
939.565;0;-90.9757;64.2063;0.121639
939.565;0;176.01;231.607;143.937
939.565;0;220.066;-190.431;0.129453
939.565;0;57.061;-14.2883;2.75835
139.57;1;133.794;-96.9907;622.227
939.565;0;96.6728;402.966;64.822
134.977;0;-117.269;52.5467;461.818
938.272;1;-64.6988;-83.2991;1147.49
939.565;0;-360.892;-43.2963;1.84082
0;0;340.102;63.6266;0.569614
939.565;0;-93.1292;198.68;2.92307
939.565;0;-192.212;-94.6862;5.8893
0;0;363.211;320.602;1.77341
139.57;1;-136.97;-199.281;246.434
939.565;0;-179.554;144.042;3.8052
939.565;0;77.0036;-221.864;1.87068
939.565;0;-201.578;223.992;3.63759
939.565;0;224.771;175.808;1.98884
939.565;0;114.023;351.614;2.42254
939.565;0;167.465;139.681;0.324534
939.565;0;-207.467;-288.73;3.9181
939.565;0;267.521;114.16;1.59755
939.565;0;-468.045;-226.624;40.744
0;0;189.273;165.995;1.42532
939.565;0;90.452;19.6106;94.1159
939.565;0;-39.8611;345.811;1.79775
939.565;0;-92.8677;-459.286;2.55247
939.565;0;-495.562;-180.503;3.30123
939.565;0;262.422;-14.9645;3.41417
938.272;1;84.8469;487.714;217.506
0.510999;-1;85.0559;488.909;0.00133104
939.565;0;84.1852;67.8168;1.29376
939.565;0;157.128;-44.14;1.10448
0;0;370.99;-307.223;1.19707
939.565;0;70.8512;-159.817;286.78
939.565;0;307.622;-292.169;145.656
139.57;1;89.9387;-91.9052;985.966
939.565;0;13.7229;-85.2642;1142.91
939.565;0;244.874;-145.631;1.63055
938.272;1;-97.1803;173.217;2167.76
0.510999;-1;-244.884;-40.267;0.560291
0;0;-238.96;224.169;1.67315
938.272;1;3.09574;-0.875408;8979.83
939.565;0;-16.3862;-252.269;227.619
134.977;0;21.7598;254.557;846.462
134.977;0;110.713;-138.442;1106.78
939.565;0;363.69;-344.137;0.612805
939.565;0;432.122;-160.843;0.969128
0;0;347.271;-405.332;1.73607
939.565;0;14.3655;390.386;2.33723
939.565;0;342.752;-143.131;1.39223
0;0;477.536;73.7344;1.73529
134.977;0;55.4519;-53.6885;1416.81
939.565;0;32.7711;2.08741;4291.01
939.565;0;-185.138;81.6757;6.10281
939.565;0;-373.677;44.9719;10.0956
939.565;0;-228.007;-177.448;7.55431
939.565;0;-168.425;5.73103;210.125
939.565;0;-160.839;253.095;139.108
939.565;0;50.4233;310.425;0.841239
939.565;0;-401.499;-374.655;178.1
134.977;0;-11.9721;55.1139;246.04
134.977;0;-74.4624;-39.4335;1154.58
938.272;1;-291.626;-7.91345;189.088
938.272;1;-132.932;-422.333;324.8
0.510999;-1;-133.14;-423.003;0.00121268
939.565;0;133.14;46.9152;3796.16
0;0;-230.041;-94.0654;1.12192
938.272;1;-1.04617;-1.32055;8969.36
938.272;1;-0.809057;5.6976;8975.07
939.565;0;342.049;-27.7936;3.53843
939.565;0;195.589;-399.006;2.09289
134.977;0;112.676;-9.35387;80.7236
939.565;0;-7.81702;-68.3079;2.35425
939.565;0;252.347;312.851;1.53803
939.565;0;-93.8894;-376.887;2.89174
939.565;0;378.625;123.273;0.275254
939.565;0;303.999;91.0674;0.195335
939.565;0;44.1083;497.989;77.4884
939.565;0;-52.0585;151.123;2.4223
939.565;0;-300.795;189.602;1.30197
939.565;0;-122.259;-423.875;78.1857
938.272;1;-325.704;243.277;402.904
0.510999;-1;-328.522;245.342;0.00398793
939.565;0;-266.119;426.306;0.785307
939.565;0;389.354;-469.62;51.389
134.977;0;-74.9974;-62.3546;406.979
134.977;0;159.725;-86.5584;827.976
939.565;0;115.192;44.5474;4276.62
938.272;1;4.08771;-5.93007;8969.67
938.272;1;4.55931;4.12049;8954.21
0.510999;-1;4.65334;4.20974;0.010365
0;0;-101.611;235.423;2.74793
939.565;0;288.63;-213.965;3.59339
939.565;0;405.46;156.358;7.59325
939.565;0;-47.2715;-185.097;4.64214
939.565;0;209.007;-314.096;26.3214
939.565;0;31.9766;-117.855;91.8411
939.565;0;172.99;321.765;1.07716
939.565;0;-211.089;-289.187;1.68188
547.862;0;-18.2609;-12.5365;1303.67
938.272;1;42.6747;195.877;390.409
939.565;0;27.5435;-42.6963;4751.85
